模型权重信息
-----------------------------

第 2 层: dense
权重形状: (100, 64)
偏置形状: (64,)
偏置值: [-0.01330528 -0.00212155  0.          0.         -0.00279431  0.00306525
  0.00076106  0.         -0.00035117 -0.00244074 -0.00467099  0.00728171
 -0.00527277  0.00184246 -0.00515806  0.00198745 -0.00432293 -0.01027238
 -0.01157884 -0.00789113 -0.01013818 -0.00568761  0.00579532  0.00468523
  0.00331864  0.00103298 -0.00923361  0.00586109  0.00408285 -0.00752599
 -0.0046893   0.         -0.00370757 -0.00304904  0.00388803  0.00554508
  0.          0.0078537  -0.00856057 -0.00545479 -0.00482066  0.
 -0.00021042  0.00399926 -0.00237438 -0.00636969  0.         -0.00203451
 -0.00639862  0.00398211 -0.0083051   0.01231593 -0.00678316 -0.00155516
 -0.00100717  0.          0.00769747  0.00074719 -0.00143341 -0.00103749
 -0.00075037 -0.00979604 -0.00124806 -0.00192949]

第 3 层: dense_1
权重形状: (64, 32)
偏置形状: (32,)
偏置值: [ 1.7190899e-03  1.1726496e-02  6.5971357e-03 -6.0350723e-03
 -4.7504301e-03  5.6915833e-03 -6.5767472e-03  2.0206999e-03
  5.1055639e-03  4.4036708e-03 -3.6513999e-03 -6.6813161e-03
 -1.1961289e-03  4.4950400e-05 -1.3664186e-02  0.0000000e+00
 -8.3657252e-03  8.6338772e-03  5.2743587e-03  4.7396077e-03
  4.3170438e-03  1.8764787e-03 -1.3589131e-03  0.0000000e+00
  4.6138386e-03 -1.1958453e-02  0.0000000e+00  4.2501930e-03
  5.3509143e-03 -6.5319836e-03  6.1239218e-03  0.0000000e+00]

第 4 层: dense_2
权重形状: (32, 1)
偏置形状: (1,)
偏置值: [0.00600251]
